3.388166220088169212e+01
-3.232280535680635669e+00
-4.114831427054980395e+00
3.502944492057304127e-02
-3.393415982976077938e+00
6.207290294197777669e+00
1.515556343127991035e+00
-7.898473802145104194e+00
-1.113286992445308710e-01
1.535206567584281956e+01
7.485027550809472130e-01
3.769367248496496292e-01
-2.956207093166465238e+00
3.167707574912121871e+01
-2.598007388759520353e+01
8.015931913751956017e+00
4.346865936256306462e+00
-2.572303759339401097e+01
1.907747236410147451e+01
-1.056695810960164117e+01
